mov rax, qword ptr [rbp-0x70]
addr 140730649360400
mov edx, dword ptr [rax]
addr 140730649328128
mov rax, qword ptr [rbp-0x70]
addr 140730649360400
mov dword ptr [rax], edx
addr 140730649328128
mov rax, qword ptr [rbp-0x70]
addr 140730649360400
mov edx, dword ptr [rax+0xf9c]
addr 140730649332124
mov rax, qword ptr [rbp-0x70]
addr 140730649360400
mov dword ptr [rax+0xf9c], edx
addr 140730649332124
mov eax, eax
int offset[]={0,7,9,11,20,36,54,73,93,106,113,123,133,141,156,173,193,212,224,237,253,259,267,283,288,296,316,330,332,343,344,348,364,380,398,411,425,433,453,454,461,481,492,512,519,536,547,567,570,578,580,590,594,612,623,638,651,657,661,672,675,691,697,703,713,729,746,754,755,761,779,782,793,809,815,833,834,852,870,872,886,890,895,905,910,915,920,928,943,963,980,1000,1009,1014,1018,1024,1028,1034,1043,1059,1079,1081,1090,1099,1112,1124,1142,1152,1153,1172,1187,1194,1209,1211,1217,1218,1221,1235,1247,1260,1278,1280,1290,1298,1314,1327,1343,1350,1370,1387,1400,1410,1430,1434,1450,1463,1483,1485,1493,1509,1528,1532,1552,1566,1583,1584,1588,1591,1592,1593,1607,1611,1630,1641,1656,1667,1681,1692,1704,1720,1728,1731,1745,1748,1749,1751,1765,1767,1787,1805,1822,1827,1835,1837,1841,1853,1857,1866,1886,1897,1912,1927,1935,1946,1951,1953,1970,1983,1993,2010,2022,2033,2042,2045,2053,2058,2062,2070,2080,2095,2114,2117,2123,2125,2141,2149,2153,2163,2171,2186,2205,2224,2225,2228,2243,2251,2267,2274,2282,2302,2309,2322,2331,2346,2354,2358,2362,2372,2373,2376,2381,2382,2400,2404,2408,2416,2424,2425,2427,2430,2441,2451,2463,2464,2470,2472,2478,2486,2498,2503,2515,2530,2543,2547,2550,2556,2567,2584,2585,2597,2599,2610,2624,2628,2630,2646,2657,2659,2663,2674,2680,2697,2706,2714,2721,2730,2739,2741,2749,2765,2773,2789,2797,2806,2819,2838,2839,2859,2860,2873,2886,2893,2912,2925,2930,2942,2948,2968,2975,2978,2986,3006,3025,3031,3050,3059,3067,3085,3089,3092,3095,3102,3105,3108,3111,3119,3129,3133,3150,3164,3166,3171,3177,3183,3197,3205,3221,3237,3255,3272,3288,3293,3310,3320,3327,3339,3351,3365,3378,3396,3407,3411,3425,3442,3458,3467,3477,3484,3488,3504,3518,3524,3544,3546,3551,3563,3580,3585,3586,3604,3608,3613,3630,3647,3659,3669,3681,3699,3711,3725,3733,3748,3760,3769,3771,3780,3787,3792,3796,3805,3811,3829,3832,3850,3861,3877,3884,3889,3894,3905,3919,3935,3936,3950,3969,3981,3988,3991,4011,4022,4027,4039,4047,4065,4077,4082,4092,4109,4124,4131,4137,4156,4171,4172,4179,4186,4197,4201,4208,4227,4239,4245,4259,4278,4281,4298,4314,4334,4339,4358,4377,4387,4392,4401,4418,4419,4420,4437,4442,4452,4458,4467,4473,4474,4480,4492,4505,4517,4518,4520,4539,4544,4555,4567,4584,4594,4613,4628,4643,4660,4669,4689,4709,4711,4726,4737,4756,4763,4774,4781,4783,4792,4812,4832,4837,4850,4860,4878,4898,4907,4908,4916,4935,4952,4956,4957,4967,4984,5002,5008,5025,5042,5049,5062,5071,5084,5089,5100,5101,5112,5126,5140,5160,5175,5189,5196,5198,5210,5214,5215,5225,5241,5258,5262,5267,5287,5300,5308,5327,5345,5356,5374,5378,5398,5411,5419,5428,5434,5437,5457,5458,5463,5482,5500,5518,5523,5542,5554,5565,5575,5593,5611,5615,5634,5650,5651,5666,5673,5681,5685,5705,5719,5737,5746,5764,5771,5783,5792,5794,5808,5824,5836,5853,5861,5881,5899,5918,5921,5938,5939,5950,5970,5987,6004,6010,6029,6037,6038,6041,6058,6069,6083,6086,6097,6106,6112,6122,6129,6142,6150,6162,6174,6192,6199,6201,6211,6218,6224,6244,6247,6266,6272,6288,6302,6310,6327,6342,6351,6365,6385,6400,6408,6420,6435,6446,6466,6485,6494,6501,6521,6531,6546,6562,6574,6587,6598,6608,6613,6619,6625,6637,6643,6655,6671,6689,6691,6692,6708,6725,6742,6758,6769,6779,6791,6799,6802,6804,6810,6821,6829,6836,6852,6863,6874,6883,6893,6901,6915,6927,6936,6943,6951,6968,6985,6992,7010,7029,7042,7053,7058,7078,7089,7097,7113,7126,7136,7149,7157,7162,7164,7182,7192,7204,7221,7229,7242,7253,7256,7260,7263,7279,7283,7288,7294,7299,7316,7328,7347,7359,7361,7363,7372,7378,7395,7403,7415,7434,7453,7473,7489,7507,7523,7543,7554,7562,7581,7588,7603,7604,7612,7621,7635,7638,7656,7675,7684,7699,7716,7735,7754,7768,7776,7788,7793,7800,7808,7810,7829,7841,7851,7870,7875,7888,7898,7918,7924,7932,7951,7961,7981,7987,8001,8017,8028,8033,8043,8053,8073,8079,8086,8104,8110,8115,8129,8144,8151,8154,8170,8183,8192,8204,8221,8239,8242,8246,8265,8277,8281,8293,8309,8322,8337,8353,8357,8368,8383,8388,8396,8415,8434,8438,8454,8458,8467,8477,8496,8504,8517,8530,8539,8557,8559,8572,8573,8593,8599,8619,8634,8645,8663,8671,8679,8688,8705,8711,8720,8734,8753,8759,8763,8767,8786,8797,8811,8817,8836,8840,8856,8867,8873,8892,8910,8925,8944,8960,8970,8988,8994,8998,9018,9031,9037,9039,9050,9067,9083,9093,9110,9120,9129,9148,9158,9161,9165,9176,9181,9188,9198,9202,9212,9221,9235,9251,9264,9274,9282,9301,9311,9321,9330,9343,9357,9375,9378,9389,9408,9426,9441,9454,9466,9467,9486,9504,9511,9517,9534,9540,9549,9559,9574,9575,9581,9601,9604,9608,9612,9613,9625,9645,9647,9662,9674,9685,9704,9723,9743,9751,9762,9776,9786,9787,9804,9813,9829,9846,9851,9862,9879,9883,9890,9894,9899,9913,9930,9938,9958,9962,9970,9985,10002,10013,10024,10025,10038,10047,10067,10072,10092,10095,10113,10115,10134,10151,10152,10165,10168,10185,10188,10205,10211,10227,10237,10249,10257,10264,10273,10274,10289,10292,10296,10304,10314,10328,10341,10342,10351,10358,10364,10377,10387,10404,10419,10420,10435,10449,10468,10474,10491,10507,10520,10533,10546,10565,10576,10591,10603,10618,10628,10638,10653,10660,10664,10678,10679,10680,10689,10694,10708,10718,10738};
int na[]={32,417,683,704,719,787,924,648,666,234,679,14,217,229,389,452,618,647,810,854,28,46,104,335,521,557,636,663,678,695,734,809,838,865,895,897,33,79,109,300,438,439,469,484,487,635,726,791,827,888,917,918,928,940,15,19,32,33,136,224,252,315,356,462,586,601,737,749,783,811,861,905,918,2,12,13,55,61,73,95,298,388,402,486,588,596,616,648,682,781,814,866,972,58,319,379,422,529,538,585,627,786,808,845,943,954,87,220,267,272,581,593,968,66,89,292,441,477,533,595,792,889,949,3,199,202,245,362,364,541,741,861,879,107,152,167,280,372,488,811,873,172,266,298,319,360,363,408,410,593,613,730,901,942,957,975,69,100,113,168,220,273,448,459,469,554,628,636,673,753,825,889,948,21,45,57,89,190,220,396,398,421,465,496,552,580,682,766,808,926,943,952,972,15,32,43,75,108,123,143,182,245,273,300,529,638,644,664,741,795,902,922,95,125,277,431,486,580,624,861,884,923,942,944,82,167,175,201,467,484,706,783,787,789,827,859,912,85,93,117,175,180,182,219,290,358,393,456,628,705,825,922,999,5,236,652,788,863,971,28,149,222,399,755,781,846,957,42,145,149,249,302,379,575,578,605,695,761,780,873,912,957,968,12,58,269,672,712,1,36,117,150,256,450,493,656,38,44,69,77,95,397,409,415,422,448,457,502,504,723,768,855,873,895,942,986,121,238,313,318,340,378,516,585,704,712,748,838,874,876,769,880,161,162,518,571,608,739,753,765,834,954,992,396,209,359,497,714,89,128,310,376,396,426,611,612,619,643,739,740,763,826,927,942,83,92,220,257,278,427,451,461,538,588,649,717,759,857,893,924,57,58,99,143,173,241,410,520,530,532,536,570,629,664,766,792,820,879,35,99,168,212,277,316,408,446,457,653,654,729,765,77,188,283,321,413,421,449,525,529,683,732,779,857,954,27,408,675,685,691,859,915,956,14,37,53,98,176,326,346,388,473,578,696,697,747,808,814,817,855,860,906,975,825,92,119,216,254,297,965,992,0,38,55,84,270,271,369,457,466,481,600,616,678,692,696,733,741,742,886,902,99,237,353,356,483,650,665,672,707,715,793,42,87,100,123,148,208,233,300,487,513,558,652,658,669,689,730,803,822,928,939,40,626,628,749,819,836,921,3,47,87,117,139,148,184,189,269,394,418,441,490,671,742,817,939,76,151,247,252,255,397,435,452,525,648,929,5,16,36,75,106,155,213,218,324,430,483,505,546,642,657,737,776,882,920,937,31,542,630,31,122,346,571,664,702,780,877,764,851,176,208,219,277,318,337,394,754,770,853,97,215,651,671,86,174,176,281,296,384,412,416,510,565,618,702,703,723,747,802,867,976,74,93,130,422,448,526,625,697,725,853,955,19,42,148,235,343,358,454,532,607,631,690,730,763,787,868,46,181,379,471,680,698,773,845,846,878,897,906,974,200,332,398,509,668,922,283,334,594,636,81,91,121,132,153,236,515,586,632,830,895,185,551,665,5,93,215,232,248,282,408,411,524,526,580,642,742,858,958,999,94,110,199,451,885,952,34,130,352,369,579,889,8,109,110,432,510,526,630,848,867,934,19,29,66,218,244,378,391,398,473,581,629,696,916,923,950,977,12,91,127,238,265,317,323,347,445,459,468,609,638,687,812,934,952,0,210,371,590,737,864,883,931,166,502,677,690,749,767,937,162,164,184,247,256,275,280,282,372,485,487,573,762,771,811,877,887,997,144,543,829,150,178,253,406,414,694,724,812,832,931,933,1,110,200,209,281,331,372,416,425,475,482,652,767,776,888,890,144,376,652,735,899,959,57,58,142,231,338,348,361,377,404,514,577,580,603,670,692,747,831,844,765,26,76,99,104,205,220,230,568,577,581,590,649,650,712,846,935,955,957,104,170,222,339,359,407,416,526,593,621,628,636,746,777,821,874,936,951,286,695,67,325,344,370,424,541,553,682,684,711,731,789,868,910,248,303,485,632,33,240,418,522,730,88,135,160,440,449,479,849,867,877,936,477,513,526,563,608,195,310,473,850,900,98,135,614,727,869,31,308,439,480,528,575,616,743,171,256,303,345,407,453,481,493,514,555,717,782,929,967,993,36,48,81,204,236,404,405,419,503,644,697,708,780,811,815,825,844,918,968,989,53,221,238,240,257,270,333,336,389,436,437,638,677,680,822,842,913,38,44,171,189,197,282,411,457,492,538,549,553,555,634,716,808,838,866,932,935,181,233,427,443,485,494,532,791,904,85,465,471,922,986,505,524,556,624,46,106,523,549,768,908,740,809,931,996,256,265,327,465,490,838,82,89,212,226,298,335,356,511,912,79,109,148,186,343,473,504,649,695,705,774,797,889,896,903,995,83,152,172,293,298,354,362,377,400,508,513,518,519,575,619,657,712,916,947,998,548,642,303,380,499,604,612,790,876,960,979,32,107,544,556,585,628,673,744,879,74,183,244,247,304,416,451,552,745,750,852,977,987,49,74,168,280,297,329,411,556,641,714,792,817,54,145,190,400,414,457,510,533,603,616,649,694,718,741,774,846,851,922,170,345,544,571,661,674,696,830,851,869,420,63,76,78,85,86,194,261,309,331,512,605,705,737,838,847,918,932,983,985,22,248,271,311,320,347,424,438,442,775,819,910,945,986,989,92,272,434,568,608,783,885,36,114,153,265,362,491,533,555,589,593,818,841,873,875,956,176,350,214,309,329,339,417,523,582,308,542,645,22,55,122,151,249,370,496,527,578,693,828,886,940,941,38,507,537,555,604,679,709,738,798,846,864,954,19,47,105,187,286,340,612,648,660,711,771,919,960,2,7,101,132,263,350,358,545,552,560,621,659,687,691,809,851,862,909,962,968,172,185,236,258,266,574,606,714,805,945,259,286,323,419,426,458,600,626,10,26,68,229,292,383,556,644,713,718,748,756,875,885,941,982,45,93,199,368,387,449,493,515,616,618,705,845,977,133,143,301,327,332,391,434,526,580,677,747,809,856,881,921,971,132,172,287,502,556,772,884,0,24,45,52,167,213,226,404,480,515,533,534,559,562,612,620,661,863,881,931,80,102,214,262,306,308,345,347,475,589,706,714,727,737,786,947,973,85,176,215,448,476,514,520,548,580,600,643,688,983,197,227,325,341,393,421,470,628,642,841,9,90,94,109,110,312,325,421,446,472,488,504,544,668,774,779,846,943,948,983,85,276,533,840,0,5,104,110,177,256,306,361,385,405,559,582,670,788,877,914,23,204,311,366,374,384,455,459,479,510,671,746,931,42,213,247,282,308,337,368,376,410,470,486,510,514,580,652,657,844,881,882,927,34,873,211,402,544,610,681,748,770,845,75,83,86,94,96,151,225,381,386,467,504,542,739,804,857,861,6,7,39,161,176,189,250,298,363,428,562,569,617,668,700,753,775,826,907,168,341,485,993,16,79,113,166,259,287,374,380,463,506,527,546,615,646,665,727,834,854,935,944,10,89,120,265,340,396,508,652,669,793,832,834,841,847,69,92,163,191,290,346,477,638,701,740,796,810,811,830,883,886,977,70,112,252,317,740,192,232,935,79,242,23,25,81,93,350,433,442,537,554,616,721,775,862,884,189,207,846,937,5,40,57,76,99,163,172,239,243,271,302,451,584,684,708,838,876,886,966,133,195,218,222,234,271,296,583,659,775,997,43,85,163,205,282,316,429,442,462,526,539,610,667,906,990,77,165,236,491,514,572,591,653,710,843,895,65,75,123,195,205,522,536,560,584,634,669,721,727,950,48,112,156,191,267,347,504,580,614,671,991,2,129,217,410,460,538,620,651,730,733,825,928,16,30,35,44,115,128,218,358,362,544,611,613,743,815,853,995,20,156,300,322,539,580,616,978,378,472,671,350,373,431,437,468,546,680,713,738,742,870,954,959,965,71,201,898,402,111,558,20,98,131,154,173,174,242,278,368,630,840,867,904,908,524,560,103,240,262,306,307,318,402,449,460,490,493,711,720,735,822,876,896,916,944,950,24,36,113,251,309,407,499,529,574,587,609,637,798,815,898,903,905,948,47,89,99,250,311,345,385,441,562,622,675,687,708,758,783,902,985,267,664,779,944,980,46,66,85,118,128,660,668,862,5,473,94,683,877,925,83,106,125,142,413,440,456,499,535,755,791,829,74,159,841,968,90,259,279,285,557,582,713,756,859,21,104,348,364,442,470,542,563,590,648,705,763,769,790,828,837,855,876,887,977,4,197,257,320,348,413,461,633,879,912,929,5,153,192,305,313,492,494,541,549,623,653,758,788,798,938,115,152,195,311,335,406,415,536,548,804,857,876,918,922,944,72,77,83,307,517,729,865,972,91,193,369,412,483,522,564,646,720,794,948,143,225,592,706,948,42,417,1,29,104,136,221,239,489,490,546,548,627,820,824,915,918,950,996,209,213,215,315,352,497,554,769,805,915,921,946,984,60,429,502,517,529,610,659,821,839,882,116,302,388,390,406,458,492,539,549,601,634,638,654,705,740,756,776,150,267,299,362,386,433,594,786,797,845,858,931,24,42,170,205,389,569,702,810,829,903,925,84,211,339,382,432,489,597,726,985,19,345,579,152,168,207,319,609,778,790,942,17,272,359,469,881,41,295,477,809,96,137,221,380,458,795,804,830,63,236,430,446,485,651,703,814,856,950,137,179,184,308,432,474,534,585,611,705,828,927,947,963,990,10,78,146,274,288,384,415,504,528,583,614,631,666,708,799,819,824,926,979,175,784,998,102,325,506,762,788,921,304,921,96,98,144,161,178,179,359,362,433,434,450,493,503,512,626,737,129,366,495,529,645,706,723,912,362,476,777,820,4,148,215,279,577,655,713,728,853,875,191,252,363,424,561,824,825,894,130,192,256,274,387,415,419,544,553,559,624,673,797,911,977,130,195,262,302,305,347,412,416,450,554,567,571,660,674,743,745,779,839,932,35,58,59,82,131,208,214,254,277,343,468,590,653,666,685,734,755,882,964,436,42,74,918,224,276,292,328,336,379,570,588,593,648,685,722,836,853,997,2,318,322,429,592,709,840,995,62,163,192,237,380,492,544,547,628,629,638,784,804,806,878,956,166,342,566,694,844,913,934,277,400,420,607,690,907,936,987,30,160,182,247,317,339,407,442,443,495,681,688,791,794,856,857,863,928,950,952,208,212,436,526,605,609,896,0,52,245,260,298,332,407,442,648,698,711,775,785,45,126,145,316,407,836,919,933,985,0,3,42,155,264,374,405,445,508,590,668,685,707,847,900,39,343,355,497,643,754,831,936,340,711,741,877,16,115,438,753,41,53,91,145,373,506,659,748,888,902,355,350,808,894,182,294,411,601,767,122,16,80,102,227,283,336,343,367,425,495,512,709,749,766,828,840,975,990,328,341,577,824,178,286,447,472,283,324,401,408,632,768,978,987,175,385,398,488,810,919,983,999,351,176,863,17,792,856,50,63,196,303,304,317,577,598,726,795,963,38,112,227,287,575,576,656,700,755,952,5,31,85,232,333,375,519,702,762,839,970,995,780,97,179,197,399,470,522,99,107,604,678,682,716,790,947,112,227,294,312,466,592,842,873,40,71,166,173,220,443,456,544,571,676,774,894,302,377,678,713,773,143,194,211,223,517,521,630,677,855,858,967,985,89,281,301,342,360,431,557,657,706,730,783,838,862,913,944,83,269,313,378,412,588,679,714,750,806,831,864,937,96,126,398,624,92,96,683,48,183,185,301,357,471,88,174,261,267,270,333,358,423,428,640,673,84,88,180,185,371,379,390,460,497,546,580,736,768,935,945,952,994,572,227,282,306,349,370,506,526,585,673,766,833,904,850,907,48,52,95,103,169,194,207,275,310,573,749,104,105,178,300,331,396,471,484,612,643,779,827,916,941,286,364,735,805,389,554,2,180,273,277,357,404,517,569,581,616,673,784,790,832,837,959,212,215,255,336,423,449,509,574,705,846,858,602,912,55,429,744,793,179,203,358,371,375,565,583,598,630,732,839,61,135,213,444,763,781,8,26,217,227,273,306,333,384,525,574,588,613,820,849,971,976,994,106,143,472,486,689,708,751,826,886,37,175,209,573,789,800,894,947,65,89,325,333,743,772,798,160,364,452,538,640,717,746,787,956,227,273,354,373,420,582,654,892,984,27,829,79,151,302,552,572,662,670,886,210,247,279,384,390,430,475,582,653,678,719,817,845,943,957,978,35,341,349,416,500,808,940,969,160,178,215,331,434,485,506,528,585,632,675,802,803,824,893,923,19,42,50,449,521,641,752,813,3,200,221,306,375,569,776,836,862,123,130,291,333,355,368,521,537,598,736,821,861,940,0,111,123,185,250,262,313,372,409,572,596,636,689,740,771,844,889,906,985,888,73,143,182,266,270,394,395,445,449,510,537,604,709,720,753,770,851,858,876,892,239,65,73,169,227,248,291,327,338,377,442,617,781,908,46,85,101,109,170,270,419,495,530,683,705,727,966,318,566,672,692,810,920,943,8,38,42,71,83,102,197,208,255,290,402,469,520,621,780,808,822,827,969,15,92,97,132,194,223,255,261,513,550,778,873,953,168,206,335,482,524,2,22,46,220,284,476,533,551,643,664,767,784,11,271,499,562,724,822,40,45,93,192,222,269,419,449,472,558,579,620,652,707,793,804,808,856,916,925,128,406,491,654,769,803,857,347,379,500,60,257,566,649,778,868,871,875,15,21,102,171,178,186,294,395,425,439,480,602,709,722,770,804,876,879,967,994,65,104,121,126,135,190,242,351,376,391,626,671,718,785,803,822,844,880,979,0,124,216,676,843,993,69,102,149,178,344,378,384,386,400,408,542,544,681,696,719,732,796,892,965,13,274,281,288,656,689,720,780,817,16,51,311,322,370,430,615,719,1,14,32,87,90,296,298,364,370,487,568,632,639,711,831,838,954,999,22,530,632,867,73,602,736,107,217,879,181,197,250,551,638,717,737,849,921,993,56,155,936,55,462,991,101,190,232,365,516,790,946,992,112,174,181,198,379,722,734,819,930,984,286,519,565,779,23,150,196,288,315,335,400,476,529,561,634,666,703,853,884,983,991,78,105,150,174,220,502,592,631,707,892,933,937,942,953,414,903,151,265,437,816,872,160,287,523,599,912,932,38,302,709,744,845,884,189,222,254,421,436,538,632,718,781,793,830,866,962,976,7,170,258,346,570,619,647,834,1,43,50,111,170,266,281,304,305,455,558,682,745,758,831,981,28,104,109,277,289,294,332,354,720,762,791,851,857,858,899,943,15,23,43,93,150,164,232,320,344,464,492,535,599,697,776,860,953,976,83,137,171,225,293,463,469,495,533,537,541,709,710,757,788,860,959,20,43,44,180,208,223,449,485,509,531,623,660,687,733,788,989,2,347,411,895,906,218,351,371,405,466,487,517,606,617,741,778,800,811,856,861,905,956,73,328,354,490,564,708,726,821,941,955,210,380,399,530,546,561,804,11,221,316,357,359,429,532,581,592,823,850,854,167,200,202,234,238,254,287,352,358,615,926,946,93,111,207,409,515,547,575,631,777,844,874,904,934,983,3,135,281,296,550,633,742,759,775,803,867,944,997,22,51,305,413,501,527,553,600,617,648,655,665,697,750,824,904,911,957,43,103,190,418,548,653,675,714,807,823,908,281,340,369,544,124,163,303,428,437,514,576,612,650,819,840,849,875,940,152,234,284,287,333,337,457,570,625,641,654,702,745,879,913,918,942,113,145,165,184,266,344,445,555,569,577,643,669,689,796,834,950,199,239,297,506,820,827,876,882,938,18,111,131,362,375,498,525,910,928,960,84,223,416,728,841,898,934,195,538,636,986,71,122,125,225,318,404,494,554,585,604,625,650,835,953,963,988,102,217,303,369,370,381,402,537,626,653,696,806,819,907,19,478,525,531,656,952,120,164,177,307,386,436,504,507,551,665,687,709,733,842,845,874,889,890,974,997,415,731,245,252,257,549,628,187,237,284,293,439,519,528,625,789,800,885,897,22,96,143,173,278,285,376,389,460,485,624,669,697,769,795,907,938,14,413,523,664,729,166,52,62,83,91,124,235,363,394,581,624,676,689,714,786,829,849,878,919,348,505,621,914,10,223,270,871,887,26,146,197,230,267,359,457,498,538,580,608,720,732,792,858,904,946,19,45,262,268,340,480,484,485,490,570,599,725,774,913,917,922,948,128,182,343,373,471,541,560,644,690,791,852,881,50,68,109,210,367,454,712,887,906,938,57,92,180,229,377,553,621,718,737,853,880,964,7,63,132,200,239,410,528,543,572,587,594,682,833,860,896,901,913,922,102,353,418,481,524,592,615,616,654,711,801,991,7,134,193,268,286,408,551,681,848,855,882,902,926,987,120,249,448,512,638,644,904,988,21,67,128,155,173,270,433,554,815,834,911,960,962,967,993,71,113,424,623,641,651,672,703,785,921,933,937,33,100,159,167,248,430,688,914,993,603,721,36,43,148,453,525,616,619,679,976,153,471,550,571,595,609,687,124,226,523,841,975,65,219,380,494,20,48,223,379,604,618,676,854,997,18,195,664,703,802,879,33,49,227,273,275,324,397,450,471,496,502,627,628,820,829,847,856,892,213,496,719,38,40,46,59,92,141,265,353,408,493,643,666,699,722,893,894,917,942,182,348,368,395,546,641,786,793,857,938,973,85,222,296,308,312,364,527,586,591,646,729,839,885,899,925,977,191,343,447,633,747,772,866,176,377,629,630,977,427,569,654,735,992,12,46,259,381,383,410,481,604,778,841,868,126,132,155,212,230,388,396,414,458,628,695,819,949,967,85,94,131,274,349,466,512,567,713,871,902,903,915,933,941,964,378,14,63,65,236,376,541,560,580,608,631,666,820,937,955,22,72,308,334,353,370,416,483,489,546,628,640,661,668,749,770,882,888,978,274,290,321,422,439,453,711,816,838,878,953,967,33,91,444,517,574,661,679,10,509,895,5,88,92,135,203,209,215,325,360,365,397,424,444,446,638,639,696,911,959,967,38,51,85,298,316,318,328,502,576,707,976,238,343,526,822,946,47,179,229,230,365,407,496,662,690,700,708,868,43,129,139,203,205,437,523,840,158,282,323,343,378,395,402,557,579,612,654,665,891,895,914,928,939,993,118,161,332,343,421,471,491,642,702,786,792,866,1,381,403,467,755,68,199,310,315,371,479,732,820,927,933,0,5,22,205,238,259,450,457,479,492,634,635,792,811,878,879,895,54,123,158,303,369,431,529,569,582,594,648,674,679,903,993,21,48,105,564,747,753,859,131,252,295,500,508,897,126,156,166,169,172,190,280,284,306,332,415,421,447,501,542,694,737,742,772,83,95,136,379,394,441,595,602,628,638,705,794,799,911,957,977,85,96,157,168,174,292,323,35,81,265,274,590,891,979,82,250,271,289,377,387,428,834,877,929,993,302,406,792,949,387,503,561,570,624,720,909,18,25,109,141,177,193,204,289,433,446,454,581,605,750,777,832,859,922,990,100,121,256,358,407,417,431,508,734,752,839,937,54,258,596,643,784,846,79,154,181,229,258,444,563,780,784,864,926,957,964,979,16,31,36,141,168,214,243,278,308,457,567,670,674,724,811,900,930,943,985,118,748,901,34,63,76,78,94,97,98,158,338,348,427,527,664,727,729,796,958,15,156,282,307,311,337,361,418,456,474,534,615,671,839,847,933,75,107,158,239,244,248,263,278,306,385,398,401,479,576,585,714,800,806,820,947,244,408,507,609,952,5,91,249,290,312,506,525,526,553,564,631,650,736,776,829,875,895,933,957,75,98,126,140,183,231,250,495,578,587,591,615,625,632,818,843,865,934,969,13,32,144,262,265,267,322,334,413,976,162,515,589,733,735,80,96,129,204,525,551,624,696,711,0,50,137,240,253,286,334,366,418,454,484,539,689,867,905,952,975,733,888,3,8,156,284,599,613,657,681,742,748,765,768,829,877,950,952,961,317,498,504,832,906,44,390,444,469,507,517,629,669,696,754,270,502,551,601,659,977,188,191,235,428,436,580,595,630,981,91,335,354,695,745,766,787,4,26,209,583,769,910,15,16,35,63,110,240,316,334,653,912,922,948,32,75,79,203,309,326,337,384,437,522,720,893,925,104,106,203,214,357,373,454,517,520,829,955,970,784,460,476,20,137,138,168,232,243,265,321,427,471,520,523,566,660,690,749,820,890,895,93,107,190,613,832,53,65,223,225,310,397,490,506,564,588,713,0,205,305,351,387,480,568,602,678,703,789,823,152,162,166,217,376,417,444,470,536,602,627,661,755,806,853,929,995,102,118,275,312,341,516,582,610,932,934,76,79,149,173,192,331,336,357,536,547,663,701,775,819,861,885,910,946,953,12,13,49,63,83,204,245,335,467,553,567,727,833,871,938,26,31,209,235,282,324,362,370,375,423,424,435,746,893,922,3,21,134,187,238,264,305,316,385,438,589,641,719,880,904,964,992,14,111,217,238,514,736,749,778,893,5,7,8,70,93,204,213,357,366,436,454,489,502,509,568,692,751,948,993,999,4,115,161,162,170,213,227,245,365,379,386,459,699,702,737,803,810,898,950,965,273,807,243,255,277,297,315,326,363,501,532,749,788,799,800,889,966,129,167,284,312,319,389,430,454,616,672,691,2,41,59,80,224,327,378,392,398,404,591,597,646,690,724,756,786,842,894,143,250,428,680,786,818,859,30,59,61,169,174,217,428,504,815,836,847,2,349,394,453,455,953,995,183,754,42,186,352,378,488,491,534,577,698,92,104,116,262,286,298,321,383,429,466,470,481,518,572,661,730,732,734,802,971,58,106,117,199,213,233,302,333,402,426,469,638,688,760,777,811,864,874,890,906,205,342,582,808,852,2,123,175,304,314,325,346,530,554,732,795,839,933,252,346,415,455,559,573,614,708,785,936,21,35,85,128,288,360,378,518,534,560,575,591,692,738,777,860,862,914,2,22,59,135,136,156,269,275,323,351,422,433,465,655,719,730,793,847,883,933,209,245,312,386,452,582,741,826,997,655,27,325,539,669,844,876,942,947,57,93,195,209,270,281,314,316,348,504,510,697,790,794,883,897,903,907,925,39,40,148,160,174,235,277,495,605,673,719,816,818,843,860,894,947,842,860,910,974,419,26,35,135,203,316,449,520,673,757,878,46,65,131,272,296,399,438,457,508,673,682,691,819,834,877,946,956,125,150,154,165,238,264,360,374,472,600,616,644,691,709,715,761,856,964,13,48,167,179,365,650,44,54,122,272,368,412,421,494,596,644,670,805,831,862,869,912,925,21,61,126,204,244,300,417,427,465,475,523,645,647,752,837,888,991,377,650,828,863,864,867,873,30,43,47,126,128,152,208,233,248,342,650,661,685,97,125,369,473,563,667,749,770,834,62,214,250,430,478,527,654,665,853,873,900,909,989,89,121,135,380,858,104,223,280,454,540,705,747,787,848,971,984,934,80,100,136,277,478,722,804,813,892,930,980,83,254,259,283,334,336,412,581,636,775,857,861,923,965,120,147,211,291,312,380,387,435,522,567,624,718,875,983,34,46,122,142,200,224,269,327,398,467,541,564,577,689,711,766,806,860,908,964,141,321,329,425,474,548,551,577,638,668,833,949,954,968,973,20,50,178,225,259,377,406,469,532,545,672,719,928,930,279,445,667,680,707,764,827,22,848,156,163,175,188,208,228,456,643,674,925,946,997,134,231,529,559,512,40,62,468,571,576,584,595,603,647,847,14,57,137,342,356,365,433,461,464,480,517,522,577,874,879,936,25,62,97,133,154,191,205,284,394,520,526,671,672,678,700,718,730,200,320,917,960,556,576,676,791,885,71,80,112,149,174,199,213,233,424,447,448,464,494,570,597,698,734,817,897,944,68,302,400,407,429,582,598,648,725,734,831,907,985,45,274,550,553,604,610,748,825,21,46,65,85,248,308,361,373,392,420,497,664,667,679,769,898,914,923,952,215,312,371,393,491,543,549,586,629,657,702,712,745,755,797,904,972,982,25,241,351,640,641,657,724,849,932,962,978,156,358,371,435,457,488,500,515,543,573,734,772,828,831,855,914,972,991,127,149,252,398,49,64,89,92,236,370,473,508,680,728,748,826,830,837,845,896,906,912,930,981,56,184,188,205,395,433,585,638,685,792,793,867,959,145,215,463,563,566,567,654,774,4,72,369,511,565,605,651,655,970,60,133,312,457,617,926,170,916,993,9,20,95,101,142,146,296,308,439,511,524,532,552,604,630,635,677,960,961,979,864,202,292,666,673,989,12,25,110,229,245,296,314,334,348,391,566,667,687,704,717,761,790,814,973,38,49,154,229,330,412,461,472,496,606,708,717,745,780,805,827,916,932,100,106,190,229,239,266,371,448,459,576,605,654,693,746,825,859,932,953,167,346,375,868,872,15,91,155,226,230,313,381,399,404,504,581,618,760,762,771,830,894,916,956,30,59,197,415,460,469,544,672,734,835,865,987,4,58,137,203,285,403,423,447,491,691,737,131,190,220,260,267,311,319,490,552,792,263,287,319,378,449,469,497,500,620,653,666,710,714,753,770,812,944,977,51,119,145,149,241,267,271,289,482,580,738,740,817,843,897,929,948,998,192,440,618,947,110,131,152,199,215,225,266,270,341,466,475,559,588,602,649,662,736,767,771,302,316,355,384,386,394,421,448,684,719,771,800,829,860,877,979,674,64,95,149,244,246,272,334,533,570,588,716,717,831,841,928,13,157,298,316,578,604,727,36,62,168,479,572,784,891,984,56,279,414,986,65,147,162,220,232,249,292,427,461,539,552,557,584,613,662,732,768,793,812,837,24,182,216,228,278,384,489,584,745,799,923,940,979,990,14,143,173,294,296,320,416,441,450,471,476,500,525,541,687,827,878,916,3,222,423,562,588,598,793,852,982,197,212,318,331,345,391,406,470,561,650,734,749,824,857,862,893,901,947,310,324,471,520,899,973,976,116,186,214,224,300,326,411,555,707,736,841,896,6,108,152,339,353,553,806,974,976,326,482,29,133,221,248,316,380,381,447,596,616,654,759,892,915,39,49,74,127,197,307,322,467,486,593,666,680,774,795,805,922,37,84,148,170,228,280,371,413,437,464,479,898,31,102,136,154,278,280,379,428,439,570,644,669,759,867,899,916,953,6,211,312,558,563,822,843,929,3,32,35,71,73,135,252,359,536,541,742,795,821,848,860,872,899,919,932,961,88,163,237,253,283,310,354,415,448,485,525,641,673,754,766,807,865,927,3,21,78,82,120,493,502,534,603,606,640,708,724,735,791,829,841,880,968,42,309,590,8,29,121,143,150,336,369,442,556,557,563,574,578,619,783,867,954,456,44,81,139,270,388,414,664,734,777,779,953,34,88,89,104,118,178,221,307,309,394,451,498,591,599,629,643,812,845,866,867,65,83,127,134,357,406,421,438,478,535,567,594,643,710,754,757,932,29,65,78,86,138,148,511,678,707,708,729,760,795,876,895,968,992,203,443,560,783,850,861,13,116,124,135,200,237,260,344,376,377,384,396,409,501,514,771,790,875,954,10,22,44,159,259,489,816,929,145,151,522,869,9,33,50,64,93,209,272,275,339,343,469,481,512,592,896,930,968,9,108,251,502,512,581,647,682,802,849,883,108,301,453,494,515,647,717,869,892,898,922,960,973,986,805,819,993,172,236,303,348,390,417,515,534,660,833,842,3,38,305,306,310,589,763,781,808,291,311,463,849,859,865,45,53,63,129,187,296,578,653,708,878,267,278,382,439,916,957,975,261,325,339,384,420,440,524,543,575,754,776,880,927,164,262,390,395,608,678,868,935,159,178,314,373,446,530,541,602,606,678,887,892,98,205,288,306,359,448,482,534,668,749,819,821,12,35,42,106,324,343,345,375,386,432,497,507,565,728,737,832,835,977,203,264,561,624,825,920,998,23,725,27,222,249,330,402,517,654,814,861,872,26,239,246,259,380,564,640,83,85,299,646,670,860,14,39,46,83,221,238,283,351,371,463,569,594,596,600,602,621,705,712,800,879,65,80,881,102,149,364,370,392,417,471,510,514,566,567,576,631,653,748,751,753,758,997,189,204,216,217,243,300,25,55,103,206,238,346,349,422,432,509,609,660,740,846,850,953,25,225,264,382,405,483,572,586,623,648,778,829,915,996,30,172,386,490,500,540,867,891,66,115,135,275,280,284,325,364,414,605,607,666,671,707,834,933,935,38,140,164,276,295,312,420,449,480,495,588,668,786,842,866,89,129,191,279,453,479,643,897,936,77,165,201,281,298,318,341,467,552,663,689,761,888,903,51,68,81,185,261,342,364,379,450,454,481,505,518,533,590,634,791,822,924,962,118,159,178,211,232,324,345,385,485,552,613,682,709,821,994,49,140,160,242,358,544,613,977,90,135,278,515,608,620,621,691,752,869,932,991,134,293,304,312,349,351,400,437,623,662,718,805,823,886,964,282,390,417,621,664,741,752,848,876,884,998,149,178,239,306,350,405,475,484,487,494,557,560,655,672,732,769,787,851,895,965,22,35,83,173,183,375,397,414,421,424,540,575,613,733,832,862,866,890,920,40,322,417,491,502,534,651,727,734,292,434,519,543,716,770,989,128,158,167,173,240,252,281,315,342,378,400,455,468,587,692,733,841,842,933,986,134,170,187,238,239,309,531,829,879,920,41,114,155,233,328,354,384,403,425,548,580,583,633,923,987,26,99,141,184,217,220,270,392,448,509,785,811,845,918,945,996,127,268,282,501,521,635,724,734,895,963,977,990,140,166,265,481,652,665,748,841,862,887,889,949,966,106,425,435,447,451,607,689,694,766,816,926,179,239,445,661,720,737,754,790,794,949,261,433,488,599,743,227,651,851,870,917,976,302,438,536,630,863,936,51,260,292,316,495,617,665,845,856,928,941,977,105,554,687,762,782,976,25,51,136,164,195,304,327,332,574,592,885,894,39,135,226,301,373,464,498,549,584,594,689,728,746,843,914,967,51,94,125,224,266,383,578,620,674,726,779,805,810,819,841,915,940,967,224,298,762,24,65,68,109,209,255,336,375,412,435,463,568,628,846,937,989,28,42,102,132,163,222,295,331,349,540,568,600,730,791,871,925,955,20,183,235,292,377,387,391,459,460,588,614,776,796,799,810,852,945,79,85,160,283,322,367,402,471,517,585,625,653,704,718,847,979,207,431,483,529,531,542,584,602,693,778,943,265,460,546,557,588,593,613,749,811,834,156,163,349,378,509,714,765,780,861,891,933,995,26,39,307,437,453,572,630,732,127,327,896,139,836,368,425,429,434,439,930,30,169,538,563,577,649,783,826,873,902,990,292,322,465,540,593,632,662,994,376,383,461,583,744,751,806,87,185,217,293,320,414,508,509,518,555,596,626,705,786,883,964,1,104,174,359,402,430,617,779,872,937,943,35,165,198,336,404,642,767,832,854,895,962,192,249,300,353,467,478,605,767,870,95,239,448,476,547,553,649,766,810,938,59,362,449,595,609,634,747,861,22,241,315,317,318,366,400,411,447,485,627,649,650,841,7,66,116,232,256,430,459,525,663,745,835,936,81,84,85,219,240,637,684,800,866,169,653,716,926,928,953,983,44,59,72,147,327,529,716,909,33,75,127,185,189,345,408,410,430,531,708,731,822,873,909,949,951,38,64,77,123,157,167,254,325,515,560,578,609,653,740,755,843,985,235,346,475,482,649,776,945,20,67,73,103,127,200,381,472,489,622,662,784,814,819,836,897,980,981,4,66,68,154,207,324,344,456,479,550,590,643,718,729,766,770,802,807,930,21,71,88,401,522,779,804,809,828,878,944,953,981,152,181,278,357,388,423,439,526,637,722,840,301,306,355,408,431,48,58,84,114,246,267,283,292,299,324,444,447,463,526,603,674,722,784,876,926,211,221,261,369,523,524,609,790,869,928,986,418,430,456,553,570,799,827,949,58,196,218,302,436,471,480,495,510,530,623,801,849,894,927,985,7,26,125,352,450,453,481,570,577,654,788,806,948,30,44,146,195,299,449,795,812,862,980,9,204,286,363,368,426,435,461,483,555,632,757,997,10,103,301,324,375,519,526,898,32,700,875,915,945,837,844,6,51,108,186,202,307,363,373,413,469,477,552,616,632,819,826,837,878,69,121,142,664,749,769,801,893,962,998,72,164,240,246,509,630,704,717,822,837,971,985,53,55,77,89,93,174,210,328,403,450,515,537,704,708,778,843,899,33,128,427,557,631,911,954,965,184,275,301,314,331,349,463,475,505,523,586,730,973,21,56,185,352,406,438,565,618,701,823,879,60,128,389,159,478,687,892,490,535,953,188,190,247,339,471,489,696,713,721,741,762,784,803,838,918,972,50,638,861,943,89,651,665,715,835,186,374,460,553,601,619,440,630,644,738,985,74,213,229,346,356,365,406,437,499,584,630,640,710,741,771,825,848,38,56,58,132,147,409,412,456,469,516,832,850,34,62,135,207,209,227,239,382,509,593,611,675,742,758,779,804,819,878,894,96,161,215,307,396,402,475,580,625,805,900,952,491,548,223,648,216,234,387,388,526,570,594,834,976,63,272,553,897,949,967,58,105,120,141,181,343,383,398,493,529,572,650,668,724,754,946,958,59,97,354,431,509,805,837,985,39,41,99,144,216,264,304,580,614,671,868,934,33,92,102,107,143,212,227,251,302,328,367,401,465,486,679,775,795,919,934,1,14,137,158,363,364,402,408,511,539,544,547,688,707,754,775,885,991,996,30,43,63,113,158,181,275,472,483,484,519,623,656,665,670,750,773,868,916,943,84,205,395,399,462,500,523,541,557,563,645,722,768,825,828,884,72,167,206,283,305,377,387,437,475,528,536,564,840,863,869,887,971,995,105,158,204,237,249,279,384,445,493,528,582,678,712,812,827,983,159,180,250,270,324,325,359,420,437,479,534,643,694,723,861,881,892,911,959,965,95,332,386,397,404,456,462,470,784,942,987,57,245,447,606,675,751,881,922,141,154,213,240,264,352,356,384,389,473,480,572,600,651,668,681,683,712,749,78,201,351,451,725,754,941,27,55,160,319,387,444,509,607,628,631,684,841,894,979,999,352,101,111,209,307,483,503,562,703,206,223,381,457,467,660,795,836,869,3,105,249,313,414,474,477,494,533,630,636,690,855,961,74,245,604,121,186,272,273,340,370,394,432,450,494,521,661,707,725,766,803,816,875,20,88,129,206,212,256,272,348,361,469,475,485,565,596,749,786,860,871,979,6,9,187,441,480,676,874,887,953,34,194,208,236,266,405,420,423,600,602,617,696,719,731,905,31,304,311,582,597,635,650,682,696,698,702,785,795,804,808,850,894,24,95,117,278,387,407,461,481,535,536,567,641,723,765,772,799,858,949,989,28,71,117,128,177,275,321,326,370,412,458,478,489,491,617,684,780,898,986,12,42,91,369,568,573,647,845,889,899,925,940,973,990,32,174,189,353,389,653,781,812,36,96,120,192,224,242,292,519,558,737,754,928,53,128,285,560,561,226,238,274,415,447,533,621,15,288,408,439,447,730,880,969,211,569,1,86,139,213,251,258,318,405,447,560,586,606,730,732,763,834,836,878,980,6,133,139,260,343,474,478,556,594,771,774,795,230,314,437,523,536,601,620,663,863,984,28,67,73,84,121,161,207,223,294,312,333,348,666,670,835,916,923,936,980,103,235,250,252,626,73,243,428,450,454,456,521,544,617,641,751,756,760,84,140,176,415,474,509,537,585,872,919,6,31,76,97,116,127,219,255,308,431,465,551,583,660,663,667,688,710,894,940,24,91,232,296,376,487,162,202,279,294,589,779,881,922,6,113,176,249,364,415,456,480,501,736,760,796,801,813,895,929,944,969,992,35,176,290,307,469,505,564,666,833,961,2,30,73,135,202,328,343,374,431,448,503,591,719,721,755,793,795,800,908,976,20,39,409,492,504,811,3,79,208,352,425,461,577,592,595,650,653,669,872,914,40,68,114,275,285,431,508,530,586,622,667,682,789,875,953,956,39,294,389,402,459,560,768,771,783,810,833,12,345,481,553,718,46,66,146,241,387,458,729,765,854,936,0,179,232,331,519,577,672,720,744,989,5,69,116,123,182,187,218,224,246,276,546,692,705,709,717,804,842,881,953,992,126,137,158,414,553,795,88,114,137,260,312,454,958,81,89,110,115,138,186,314,393,439,462,555,609,639,642,713,823,867,947,4,415,493,503,736,934,167,208,358,537,753,71,202,324,389,492,501,570,678,709,757,857,883,927,976,139,190,237,290,293,294,381,404,431,452,476,721,892,965,966,152,244,269,352,476,859,985,382,413,585,173,204,329,420,440,474,519,592,656,699,731,762,780,871,946,976,0,82,169,358,415,586,646,733,750,765,787,945,998,9,149,184,211,289,512,548,624,955,29,173,188,388,431,527,595,607,709,826,912,984,217,231,257,285,383,392,524,583,600,700,722,743,767,858,873,893,928,106,269,498,507,533,535,565,579,625,631,651,696,764,809,839,870,916,940,44,201,333,96,265,696,945,49,91,118,155,172,174,204,253,279,287,294,334,347,624,728,787,878,892,903,36,84,96,160,162,257,309,364,499,544,640,940,198,685,834,837,11,39,58,139,178,180,324,431,455,575,824,883,131,177,280,301,324,326,375,446,477,643,665,684,808,844,868,933,20,31,104,159,282,429,458,462,576,610,713,786,854,6,10,62,157,268,286,290,334,339,406,730,785,813,814,830,48,122,186,193,202,233,238,274,284,377,398,423,566,828,866,904,7,153,393,559,12,36,277,298,304,414,589,651,779,898,902,65,113,139,174,452,480,597,652,683,750,797,845,879,889,901,100,560,574,661,846,3,237,340,383,604,689,948,970,102,153,182,205,313,319,333,348,351,386,418,450,451,459,829,866,867,978,985,66,141,156,252,331,443,473,485,489,493,602,605,615,624,726,755,803,806,833,210,316,325,821,63,105,110,116,172,173,490,592,623,633,667,728,764,822,950,980,77,536,585,734,6,189,201,444,690,694,773,866,869,189,214,306,365,406,522,608,658,812,990,50,65,68,128,293,379,482,497,512,643,664,710,765,831,870,899,911,919,961,22,47,57,175,289,364,401,924,43,48,176,179,193,337,422,573,630,662,716,784,903,155,191,272,391,513,596,648,671,704,728,870,879,915,1,11,340,424,480,673,735,953,970,14,21,77,148,157,173,237,277,278,281,370,405,493,494,599,626,781,942,285,472,45,46,137,304,313,315,341,575,630,713,940,946,977,924,37,49,165,338,390,397,404,462,509,664,686,691,705,729,782,827,833,864,890,891,98,152,174,201,218,466,22,79,101,186,202,239,266,379,445,595,688,703,715,785,813,873,889,894,933,939,37,74,91,99,162,449,471,618,625,836,850,871,880,905,976,110,126,144,229,245,323,351,450,553,824,912,32,182,223,247,255,331,371,417,424,451,564,611,650,760,864,868,941,963,25,74,476,524,571,621,810,848,46,200,440,664,730,764,866,947,41,78,263,318,364,371,627,913,987,8,16,48,149,232,241,262,310,393,728,773,808,833,858,864,931,932,72,137,278,617,742,873,119,167,172,364,380,402,566,828,967,108,323,340,377,469,497,566,596,603,606,661,830,838,959,27,252,259,370,376,507,587,614,642,687,701,733,769,859,895,927,941,981,991,293,303,335,443,463,992,248,275,753,800,267,340,382,396,1,81,121,129,162,197,237,348,352,425,444,476,579,660,666,685,764,773,938,100,183,225,292,332,436,672,746,806,835,997,160,302,400,457,530,580,617,651,696,827,828,870,969,981,6,204,301,428,537,579,12,28,41,44,106,125,365,396,466,480,561,592,640,688,699,742,849,853,941,156,833,856,926,36,38,238,332,355,382,488,564,687,694,706,713,731,761,819,927,70,145,271,290,299,301,446,508,683,728,958,37,305,341,425,592,731,112,159,188,191,193,196,227,237,334,476,479,487,494,499,827,888,899,901,916,59,123,132,148,169,347,366,420,422,431,565,607,671,689,719,737,930,947,129,130,213,262,275,298,397,509,670,709,724,818,857,935,964,31,76,99,101,142,254,318,330,337,386,506,507,516,599,730,749,783,821,880,48,362,424,427,473,500,538,575,678,689,803,824,905,907,945,951,150,176,240,358,465,494,551,697,958,971,14,61,70,153,165,196,225,226,237,377,471,587,604,653,698,765,769,968,155,369,520,747,753,936,241,418,450,553,10,62,177,241,484,547,558,690,709,737,759,780,795,804,843,848,857,897,946,961,59,67,71,228,262,301,426,588,596,664,673,816,886,259,585,675,743,847,889,84,804,49,103,314,460,652,677,733,737,767,915,932,36,184,194,216,461,510,605,624,684,710,760,761,812,849,876,951,959,30,32,57,112,218,360,458,552,683,784,816,852,919,948,952,968,0,45,48,338,459,476,646,770,829,872,36,165,249,342,356,417,471,495,501,536,576,654,766,790,865,880,913,79,97,217,219,435,449,501,629,682,836,111,167,224,258,473,682,787,836,932,0,7,18,122,155,171,249,287,295,296,297,330,354,432,443,627,726,736,814,6,195,270,324,351,352,419,548,806,831,29,622,783,241,433,504,599,43,135,147,374,395,444,616,718,740,787,880,342,422,684,762,842,86,220,309,444,464,466,602,224,267,386,398,458,550,668,782,829,877,186,685,923,993,7,27,71,113,339,380,472,607,789,813,54,240,260,558,770,782,825,868,883,72,79,148,182,261,303,457,459,526,553,554,718,841,999,4,65,99,108,117,198,297,303,328,333,483,532,617,726,857,890,27,107,119,255,307,401,423,468,501,581,650,847,869,184,197,384,395,504,510,554,619,767,932,35,62,283,299,531,593,639,691,26,59,113,117,153,179,181,248,291,306,331,475,530,641,671,728,742,793,800,3,39,67,122,151,312,442,516,536,791,97,242,312,507,566,594,601,773,842,886,131,177,335,626,652,654,680,799,984,3,146,151,182,190,339,359,391,588,758,795,802,899,96,148,175,181,194,266,308,333,432,443,460,774,795,817,13,53,137,204,206,217,284,287,329,374,388,507,617,634,746,786,816,909,242,472,763,148,157,164,170,268,364,390,421,784,824,826,6,30,128,130,177,197,209,389,414,423,496,507,564,584,618,815,820,845,913,13,80,153,187,211,226,249,290,323,373,378,396,413,644,657,662,873,876,5,14,71,129,158,167,182,186,270,379,485,540,769,853,874,145,321,331,335,413,422,445,503,615,659,673,697,884,21,116,142,168,246,301,489,536,631,794,846,997,625,54,65,161,431,453,478,502,589,620,624,713,738,756,769,770,788,901,947,974,5,45,90,222,286,304,321,394,401,411,476,490,543,750,777,957,969,992,344,482,855,879,892,965,978,26,190,267,625,913,923,9,11,128,173,183,281,415,577,725,747,772,852,880,883,897,928,988,48,655,811,821,942,956,111,399,436,590,667,680,814,822,942,35,153,183,269,307,368,379,560,833,929,11,32,69,130,151,169,308,340,354,402,411,706,753,785,939,48,109,368,530,600,756,943,29,43,144,249,258,304,311,316,360,502,550,679,701,703,738,833,852,856,971,976,227,470,649,54,595,759,953,20,104,717,761,348,110,209,353,409,464,467,498,614,649,708,903,972,4,9,67,119,120,142,149,174,199,454,490,523,540,671,726,770,820,876,891,910,86,960,36,296,396,403,405,436,481,499,525,630,756,768,835,905,926,18,118,238,292,298,346,541,605,748,769,789,942,65,113,173,438,461,517,676,692,855,869,937,64,95,120,146,155,201,209,285,308,440,591,726,739,826,853,854,938,956,970,29,49,80,114,175,229,273,291,315,321,435,447,510,512,513,546,836,954,984,19,166,254,268,304,352,414,492,496,549,565,697,734,756,766,840,853,911,918,962,49,96,417,422,519,605,702,836,101,111,149,150,170,181,381,393,415,719,801,112,240,292,323,350,458,480,557,616,636,705,751,912,940,135,138,387,537,553,576,588,734,739,994,909,10,74,158,178,244,370,382,472,538,563,601,607,662,667,834,861,980,76,234,340,495,555,601,877,938,981,72,230,334,348,350,476,495,549,556,603,715,820,849,933,964,975,59,66,78,127,336,428,475,514,571,580,650,712,730,768,841,934,998,230,354,639,894,967,30,96,148,165,230,252,255,321,453,750,816,47,115,154,223,433,483,508,515,523,549,560,627,697,753,796,894,954,115,173,719,785,238,572,756,794,825,846,995,400,620,818,960,19,345,443,557,998,88,141,203,227,274,309,327,447,521,608,685,699,852,901,29,234,273,365,374,441,481,536,570,590,660,694,873,960,961,969,995,108,155,216,218,574,662,769,827,8,16,40,47,58,74,104,119,167,252,254,281,289,301,313,329,666,765,878,883,55,453,583,875,157,324,332,352,527,562,685,921,189,201,230,268,276,306,339,383,420,560,635,717,788,862,992,237,259,338,340,378,394,473,504,535,726,764,859,867,873,911,928,964,22,81,224,298,311,312,328,547,777,870,919,29,65,163,233,314,403,454,534,618,787,855,382,73,103,158,225,260,332,449,477,479,493,561,574,924,32,40,41,98,111,226,318,796,833,8,78,98,189,250,339,397,437,463,480,486,553,615,626,662,683,746,784,876,996,42,74,76,224,694,4,28,102,119,335,413,488,524,545,570,586,644,686,722,785,800,848,919,934,996,58,605,615,1,84,104,253,257,444,519,531,593,608,612,681,714,725,800,841,903,983,284,689,10,75,130,164,235,283,367,410,606,626,665,728,821,840,873,909,925,940,976,7,8,10,29,113,168,212,220,231,266,268,538,632,849,857,933,937,850,36,127,212,233,314,480,487,540,552,716,750,791,869,495,603,966,49,118,168,234,235,273,330,416,436,564,613,634,688,702,833,853,952,494,505,702,37,76,80,86,113,262,321,356,374,478,526,542,663,674,765,865,908,113,152,166,175,549,857,5,66,79,151,254,297,324,587,679,701,713,776,782,824,911,923,16,133,299,351,365,407,451,464,701,934,5,172,306,359,469,567,656,681,792,826,871,897,444,460,505,571,695,723,898,949,31,244,272,607,890,945,966,66,74,438,629,635,687,706,758,859,668,11,37,186,218,314,415,463,506,562,566,620,689,705,808,991,536,562,664,142,269,275,294,2,107,113,189,262,346,682,931,12,216,333,401,406,492,552,592,712,899,162,268,393,413,535,597,636,698,749,882,889,938,976,992,17,113,202,209,278,415,494,512,608,710,730,813,876,666,4,55,58,79,363,406,413,451,986,74,260,303,640,742,800,876,13,282,364,567,814,938,59,117,175,442,445,525,614,727,779,856,920,932,939,252,258,281,286,326,375,486,678,903,992,34,43,163,225,356,431,479,513,538,610,641,694,785,814,875,902,955,13,22,253,317,563,617,700,711,769,777,791,873,930,939,998,623,28,80,142,191,268,274,327,414,559,581,719,745,761,874,909,3,15,28,35,45,315,366,487,568,644,666,712,754,965,17,28,69,309,390,393,397,428,442,469,576,764,815,823,838,926,939,943,972,60,324,621,636,711,981,14,20,38,146,175,199,289,321,323,408,451,499,686,693,703,784,920,112,148,155,156,229,436,495,536,555,694,699,705,710,730,732,749,64,91,158,165,245,262,388,394,472,589,673,713,867,0,12,104,150,288,303,314,398,414,507,788,860,887,52,162,478,556,590,654,792,801,825,884,917,943,987,28,71,88,158,290,308,402,410,430,452,520,637,642,702,725,815,913,951,959,255,257,356,463,491,533,669,686,772,779,977,43,70,198,209,248,252,401,410,520,590,597,626,757,759,825,73,307,406,474,573,586,621,659,729,735,845,976,16,30,44,100,127,351,359,381,466,528,634,784,832,912,923,8,57,171,250,482,550,563,675,815,873,2,49,82,199,326,488,620,785,787,831,33,124,129,185,229,278,290,500,556,567,637,724,881,909,930,150,528,688,770,781,981,983,100,180,390,858,30,63,64,118,150,193,254,335,705,774,824,885,915,995,26,527,3,10,40,160,542,561,677,791,952,400,464,606,697,727,9,14,58,135,142,234,308,488,783,785,836,900,903,929,43,320,405,442,468,746,860,864,880,947,16,74,145,148,162,234,278,307,336,443,464,471,515,522,524,571,608,644,661,863,7,261,324,340,351,414,467,475,490,540,658,767,802,860,885,909,960,962};
